# Created at Mon Apr 29 00:22:35 GMT+03:00 2024 in Burnaby Canada 
329266714203 -0.059124 0.020860 -0.036964 
329286950876 -0.039124 -0.074140 -0.034964 
329307187789 0.004875 0.018860 -0.026964 
329327424635 -0.015124 0.052860 -0.016964 
329347661567 -0.017124 0.073860 -0.022964 
329367898487 -0.004124 0.001860 -0.034964 
329388135194 -0.003124 -0.018140 -0.037964 
329408371798 -0.005124 0.017860 -0.034964 
329428608731 -0.004124 0.006860 -0.041964 
329448845651 -0.004124 0.015860 -0.050964 
329469082480 0.010875 0.060860 -0.032964 
329489319068 0.025875 0.109860 0.005036 
329509555991 -0.010125 0.092860 0.035036 
329529792911 -0.072124 0.062860 0.050036 
329550029599 -0.131124 0.007860 0.021036 
329570266459 -0.115124 0.025860 -0.025964 
329590503147 -0.081125 -0.052140 -0.083964 
329610739978 -0.068124 -0.177140 -0.046964 
329630976981 -0.014125 -0.210140 0.010036 
329651213822 -0.020124 -0.319140 -0.028964 
329671450497 -0.016124 -0.386140 -0.088964 
329691687339 0.040881 -0.369129 -0.130970 
329711924242 0.060881 -0.231129 -0.168970 
329732160915 0.056881 -0.203129 -0.161970 
329752397841 0.196881 -0.257129 -0.174970 
329772634673 0.295881 -0.139129 -0.273970 
329792871386 0.293881 -0.212129 -0.308970 
329813108332 0.306881 -0.291129 -0.316970 
329833345187 0.215881 -0.174129 -0.368970 
329853581863 -0.005119 0.072870 -0.367970 
329873818699 -0.241119 0.251870 -0.311970 
329894055588 -0.385119 0.130870 -0.232970 
329914292530 -0.375119 -0.163129 -0.240970 
329934529233 -0.293119 -0.495130 -0.221970 
329954765880 -0.196119 -0.648130 -0.136970 
329975002779 -0.248119 -0.698129 -0.120970 
329995239639 -0.368119 -0.685129 -0.044970 
330015476581 -0.390119 -0.925130 0.055030 
330035713197 -0.401119 -1.156130 -0.005970 
330055950199 -0.451119 -1.305130 -0.103970 
330076187048 -0.525119 -1.303129 -0.158970 
330096423980 -0.540119 -1.263129 -0.234970 
330116660661 -0.382119 -0.747129 -0.039970 
330136897502 -0.153119 -0.323129 -0.042970 
330157134402 -0.083119 0.075870 0.054030 
330177371107 -0.178119 0.410870 0.143030 
330197608043 -0.211122 0.757866 0.209033 
330217844673 -0.234122 0.834866 0.242033 
330238081611 -0.034122 1.188866 0.574033 
330258318467 -0.102122 1.081866 0.223033 
330278555385 0.080878 0.771866 0.104033 
330298792099 0.136878 0.413866 0.101033 
330319028936 0.010878 0.149866 -0.093967 
330339265863 -0.085122 0.167866 -0.225967 
330359502570 -0.069122 0.216866 -0.183967 
330379739496 -0.069122 0.202866 -0.121967 
330399976126 -0.137122 0.263866 -0.071967 
330420213078 -0.209122 0.247866 -0.050967 
330440449919 -0.220122 0.212866 -0.044967 
330460686847 -0.154122 0.138866 -0.020967 
330480923516 -0.029122 0.016866 0.003033 
330501160433 0.037878 -0.082134 0.014033 
330521397274 0.054878 -0.154134 0.012033 
330541634182 0.099878 -0.180134 -0.002967 
330561870839 0.212878 -0.186134 -0.027967 
330582107686 0.275878 -0.219134 -0.029967 
330602344368 0.225878 -0.187134 -0.039967 
330622581308 0.139878 -0.178134 -0.060967 
330642818140 0.019878 -0.188134 -0.076967 
330663054835 0.092878 -0.283134 -0.103967 
330683291671 0.335878 -0.688134 -0.120967 
330703528618 0.665876 -1.522138 -0.183965 
330723765296 0.560876 -1.724138 -0.173965 
330744002223 0.616876 -1.297138 -0.291965 
330764239049 1.016877 -1.706138 -0.113965 
330784475957 1.435877 -2.347138 0.110035 
330804712655 1.952877 -2.869138 0.417035 
330824949572 2.261877 -3.298138 0.653035 
330845186443 2.088876 -3.188138 0.623035 
330865423161 2.032876 -3.188138 0.691035 
330885660106 2.179877 -4.036138 0.159035 
330905896966 2.303877 -4.629138 -0.296965 
330926133894 2.062877 -4.497138 -0.566965 
330946370574 1.653877 -3.845138 -0.605965 
330966607406 1.329877 -3.120138 -0.367965 
330986844079 1.320877 -2.876138 -0.230965 
331007081005 1.629877 -3.218138 -0.282965 
331027317630 1.926877 -3.527138 -0.386965 
331047554548 2.284877 -3.582138 -0.823965 
331067791394 2.575876 -3.877138 -0.685965 
331088028336 2.546877 -3.790138 -0.428965 
331108265266 2.121877 -2.987138 0.102035 
331128501930 1.949877 -2.899138 0.558035 
331148738766 2.032876 -3.100138 0.483035 
331168975449 2.397877 -3.690138 0.478035 
331189212341 2.373877 -3.697138 0.513035 
331209448967 2.062877 -3.138138 0.681035 
331229685862 1.691877 -2.605138 0.666035 
331249922758 1.601877 -2.939138 0.491035 
331270159616 1.785877 -3.588138 0.546035 
331290396306 1.935877 -3.791138 0.488035 
331310633251 1.738877 -3.247138 0.412035 
331330870092 1.363877 -2.649138 0.189035 
331351107001 1.038877 -2.509138 0.014035 
331371343685 1.127877 -2.866138 -0.039965 
331391580547 1.233877 -2.788138 -0.043965 
331411817229 1.099877 -2.149138 -0.048965 
331432054169 0.922877 -1.589138 -0.104965 
331452291108 0.921877 -1.474138 -0.098965 
331472527732 0.929877 -1.492138 -0.065965 
331492764665 0.833876 -1.402138 -0.005965 
331513001535 0.569877 -1.337138 0.002035 
331533238477 0.414876 -1.340138 0.038035 
331553475181 0.406877 -1.314138 0.034035 
331573712126 0.376877 -1.231138 0.026035 
331593948732 0.289877 -1.154138 0.073035 
331614185900 0.210877 -1.197138 0.200035 
331634422496 0.295876 -1.431138 0.326035 
331654659191 0.529877 -1.476138 0.383035 
331674896094 0.590877 -1.069138 0.322035 
331695132934 0.487881 -0.562129 0.199030 
331715369842 0.419881 -0.347129 0.156030 
331735606767 0.343881 -0.425129 0.155030 
331755843450 0.359881 -0.527129 0.169030 
331776080296 0.420881 -0.483129 0.131030 
331796316988 0.387881 -0.238129 0.050030 
331816553900 0.312881 -0.104129 -0.081970 
331836790742 0.208881 -0.050129 -0.094970 
331857027665 0.185881 -0.114129 -0.025970 
331877264349 0.249881 -0.246129 0.023030 
331897501275 0.259881 -0.182129 -0.012970 
331917738126 0.211881 0.153871 -0.053970 
331937975030 0.222881 0.415871 -0.061970 
331958211660 0.298881 0.332871 0.005030 
331978448578 0.348881 0.048871 0.088030 
331998685527 0.331881 -0.174129 0.097030 
332018922210 0.186881 -0.112129 0.065030 
332039159051 0.102881 -0.003129 0.024030 
332059395963 0.156881 0.030871 -0.006970 
332079632670 0.197881 -0.008129 -0.017970 
332099869625 0.102881 -0.020129 -0.015970 
332120106472 0.023881 -0.104129 -0.000970 
332140343161 0.031881 -0.155129 0.011030 
332160579997 0.065881 -0.143129 0.031030 
332180816930 0.096881 -0.127129 0.012030 
332201053549 0.057877 -0.047137 -0.024966 
332221290546 -0.022123 0.002863 -0.051966 
332241527423 -0.016123 -0.043137 -0.042965 
332261764356 0.009877 -0.038137 -0.026966 
332282001069 0.030877 0.022863 0.014034 
332302238005 0.053877 0.062863 0.031034 
332322474635 0.052877 0.085863 0.010034 
332342711549 0.022877 0.122863 0.006034 
332362948371 0.045877 0.052863 0.018034 
332383185275 0.071877 -0.008137 0.014034 
332403421979 0.049877 0.050863 -0.005966 
332423658806 0.040877 0.147863 -0.030965 
332443895719 0.028877 0.194863 -0.052966 
332464132416 0.032877 0.135863 -0.036966 
332484369268 0.050877 0.053863 -0.032966 
332504606205 0.031877 0.045863 -0.033966 
332524842897 -0.004123 0.085863 -0.047966 
332545079823 0.008877 0.093863 -0.063966 
332565316724 0.042877 0.085863 -0.054965 
332585553343 0.070877 -0.034137 -0.039966 
332605790237 0.062877 -0.053137 -0.047966 
332626027097 0.044877 0.006863 -0.083966 
332646263796 0.044877 0.025863 -0.147966 
332666500732 0.001877 0.193863 -0.160966 
332686737573 -0.047123 0.363863 -0.182966 
332706974501 -0.135121 0.516868 -0.249968 
332727211175 -0.286121 0.754868 -0.367968 
332747448101 -0.419121 1.224868 -0.485968 
332767684977 -0.445121 1.700868 -0.569968 
332787921671 -0.412121 1.998868 -0.650968 
332808158517 -0.423121 2.208868 -0.740968 
332828395440 -0.531121 2.525867 -0.846968 
332848632138 -0.686121 2.897868 -0.957968 
332868869064 -0.836121 3.260868 -1.057968 
332889105895 -0.943121 3.539867 -1.138968 
332909342785 -0.979121 3.860868 -1.184968 
332929579488 -1.063121 4.308868 -1.226968 
332949816311 -1.337121 5.055868 -1.253968 
332970053219 -1.757121 5.854868 -1.245968 
332990289892 -2.186121 6.291868 -1.203968 
333010526828 -2.624121 6.629868 -1.210968 
333030763683 -2.898121 7.025868 -0.916968 
333051000388 -2.888121 7.040868 -0.731968 
333071237224 -2.809121 6.824868 -0.680968 
333091474133 -2.780121 6.746868 -0.642968 
333111710816 -3.135121 6.877868 -0.509968 
333131947652 -3.528121 6.809868 -0.186968 
333152184561 -3.559121 6.259868 -0.105968 
333172421465 -3.166121 5.409868 -0.168968 
333192658386 -2.957121 4.984868 -0.296968 
333212895021 -2.946122 4.564866 -0.158967 
333233131737 -3.041122 3.813866 -0.048967 
333253368657 -2.969122 3.292865 -0.142967 
333273605515 -2.752121 3.022865 -0.329967 
333293842453 -2.374122 2.899866 -0.429967 
333314079133 -1.901122 2.562866 -0.428967 
333334316059 -1.641122 2.103865 -0.408967 
333354552890 -1.390122 1.571866 -0.347967 
333374789799 -1.100122 0.949865 -0.353967 
333395026410 -0.720122 0.459865 -0.374967 
333415263319 -0.270122 0.138865 -0.381967 
333435500248 -0.012122 0.101865 -0.326967 
333455736959 0.030878 0.180865 -0.206967 
333475973895 0.189878 0.027865 -0.101967 
333496210747 0.657878 -0.586135 -0.096967 
333516447674 1.308878 -1.454135 -0.236967 
333536684359 1.786878 -2.111135 -0.486967 
333556921280 1.769878 -2.128135 -0.699967 
333577157886 1.688878 -2.123135 -0.742967 
333597394814 2.000878 -2.912135 -0.790967 
333617631724 2.642879 -4.117135 -0.855967 
333637868554 3.342879 -5.359135 -0.940967 
333658105228 3.725878 -6.187135 -1.015967 
333678342099 3.799878 -6.748135 -1.078967 
333698579117 3.676882 -6.805128 -1.029971 
333718815761 3.609882 -6.418128 -0.851971 
333739052900 3.734882 -5.994127 -0.670971 
333759289520 3.903882 -6.084127 -0.560971 
333779526439 3.835882 -6.557127 -0.646971 
333799763133 3.434882 -6.605127 -0.724971 
333820000083 3.047882 -6.418128 -0.726971 
333840236884 2.732882 -6.315127 -0.422971 
333860473594 2.414882 -5.898128 0.063029 
333880710524 2.228882 -5.745128 0.225029 
333900947366 2.349882 -5.743128 0.189029 
333921184293 2.583882 -5.607128 -0.129971 
333941420899 2.592882 -5.053127 -0.443971 
333961657808 2.337882 -4.321127 -0.484971 
333981894728 2.070882 -3.694128 -0.166971 
334002131656 2.010882 -3.350127 0.051029 
334022368284 2.004882 -3.113127 -0.044971 
334042605211 1.842882 -2.492127 -0.198971 
334062841897 1.688882 -1.544127 -0.249971 
334083078789 1.572882 -0.793127 -0.186971 
334103315709 1.459882 -0.507127 -0.180971 
334123552355 1.221882 -0.608127 -0.183971 
334143789295 0.954882 -0.618127 -0.118971 
334164026215 0.754882 -0.365127 -0.098971 
334184263064 0.570882 0.020873 -0.160971 
334204499758 0.436881 0.257871 -0.179970 
334224736613 0.368881 0.011871 -0.119970 
334244973532 0.357881 -0.463130 -0.017970 
334265210441 0.328881 -0.632129 0.014030 
334285447128 0.189881 -0.365129 -0.030970 
334305683984 0.187881 -0.212129 -0.076970 
334325920677 0.332881 -0.282129 -0.091970 
334346157805 0.448881 -0.380129 -0.083970 
334366394492 0.348881 -0.262129 -0.116970 
334386631320 0.131881 0.062870 -0.218970 
334406868046 -0.041119 0.593871 -0.304970 
334427104958 -0.225119 1.004871 -0.392970 
334447341804 -0.403119 1.126871 -0.329970 
334467578722 -0.718119 1.493870 -0.261970 
334487815641 -1.163119 2.704870 -0.463970 
334508052255 -1.630119 4.745871 -0.723970 
334528289183 -1.845119 5.966871 -0.806970 
334548525863 -1.866120 5.926871 -0.818970 
334568762695 -2.075119 5.608871 -0.779970 
334588999397 -2.571120 5.614871 -0.684970 
334609236558 -3.077119 5.823871 -0.613970 
334629473165 -3.124120 5.641870 -0.546970 
334649710152 -2.972120 5.178871 -0.536970 
334669946789 -3.032120 4.899870 -0.605970 
334690183716 -3.198119 4.832870 -0.594970 
334710420582 -3.432117 4.992875 -0.484971 
334730657510 -3.463118 5.022874 -0.386971 
334750894214 -3.496118 5.218874 -0.320972 
334771131036 -3.546118 5.454875 -0.128971 
334791367964 -3.668118 5.597875 0.122028 
334811604686 -4.055118 5.760875 0.444028 
334831841522 -4.332118 5.638875 0.732028 
334852078416 -4.391118 5.291874 0.817028 
334872315089 -3.961118 5.003874 0.980028 
334892552035 -3.435118 4.782875 0.752028 
334912788955 -2.971118 4.641875 0.552028 
334933025588 -2.542118 4.187874 0.524028 
334953262510 -2.231117 3.627874 0.524028 
334973499445 -2.102118 3.038874 0.457028 
334993736304 -1.673117 2.303874 0.447029 
335013972998 -1.362117 1.833874 0.186028 
335034209895 -1.117117 1.485874 -0.093971 
335054446751 -0.978118 1.279874 -0.268972 
335074683655 -0.936117 1.228874 -0.292971 
335094920359 -0.890118 1.209874 -0.285972 
335115157270 -0.745117 1.047874 -0.359971 
335135394096 -0.558117 0.795874 -0.427972 
335155631024 -0.467118 0.667874 -0.464971 
335175867724 -0.400118 0.552874 -0.469971 
335196104574 -0.237117 0.218874 -0.458972 
335216341512 0.054881 -0.263129 -0.406970 
335236578189 0.345881 -0.784129 -0.329970 
335256815130 0.604881 -1.190130 -0.238970 
335277051962 0.956881 -1.603130 -0.308970 
335297288880 1.376881 -2.107130 -0.524970 
335317525500 1.831881 -2.772130 -0.809970 
335337762507 2.361881 -3.525130 -1.041970 
335357999390 2.947881 -4.322129 -1.176970 
335378236075 3.384881 -4.985129 -1.235970 
335398472901 3.500881 -5.249129 -1.244970 
335418709840 3.607881 -5.320129 -1.256970 
335438946753 3.744881 -5.577130 -1.340970 
335459183475 3.745881 -5.671129 -1.608970 
335479420387 3.742881 -5.716130 -1.787970 
335499656982 3.809881 -5.672129 -1.621970 
335519893924 3.919881 -5.511129 -1.207970 
335540130844 3.843881 -5.097129 -0.909970 
335560367709 3.729881 -5.329129 -0.739970 
335580604369 3.921881 -6.296130 -0.594970 
335600841290 4.080881 -7.304130 -0.509970 
335621078126 3.864881 -7.110129 -0.399970 
335641315092 3.387881 -6.259130 -0.510970 
335661551974 3.146881 -4.904130 -0.485970 
335681788667 2.972881 -3.540130 -0.494970 
335702025493 2.715882 -2.355127 -0.494971 
335722262407 2.417882 -1.828127 -0.452971 
335742499118 2.211882 -2.037127 -0.276971 
335762735970 2.216882 -2.312127 -0.262971 
335782972893 2.042882 -2.156127 -0.412971 
335803209584 1.747882 -1.752127 -0.476971 
335823446486 1.542882 -1.201127 -0.425971 
335843683329 1.367882 -0.681127 -0.374971 
335863920252 1.116882 -0.513127 -0.329971 
335884156950 0.832882 -0.675127 -0.295971 
335904393857 0.651882 -0.927127 -0.237971 
335924630703 0.520882 -1.001127 -0.150971 
335944867393 0.409882 -0.900127 -0.093971 
335965104328 0.277882 -0.693127 -0.043971 
335985341184 0.181882 -0.526127 -0.008971 
336005577873 0.152882 -0.481127 0.005029 
336025814763 0.109882 -0.294127 -0.009971 
336046051776 0.072882 -0.072127 0.020029 
336066288622 0.061882 -0.072127 0.040029 
336086525572 0.029882 -0.079127 -0.000971 
336106762271 0.036882 -0.119127 -0.014971 
336126999112 0.047882 -0.037127 -0.043971 
336147235829 -0.008118 0.332873 -0.112971 
336167472760 -0.164118 0.959873 -0.143971 
336187709592 -0.367118 1.703873 -0.180971 
336207946291 -0.635118 2.495873 -0.224971 
336228183246 -1.122118 3.390873 -0.250971 
336248420180 -1.691118 4.223873 -0.217971 
336268657034 -2.160118 4.727873 -0.175971 
336288893714 -2.515118 4.838873 -0.190971 
336309130580 -2.788118 4.954873 -0.291971 
336329367513 -3.055118 5.069873 -0.449971 
336349604427 -3.369118 5.351873 -0.604971 
336369841030 -3.630118 5.604874 -0.742971 
336390077953 -3.627118 5.656873 -0.841971 
336410314854 -3.556118 5.686873 -0.926971 
336430551537 -3.728118 5.857873 -1.042971 
336450788463 -3.857118 5.953874 -1.078971 
336471025290 -3.868118 5.929873 -0.978971 
336491261994 -3.901118 5.817873 -0.818971 
336511498934 -4.117118 5.635873 -0.747971 
336531735826 -4.248118 5.327873 -0.586971 
336551972734 -4.195118 4.979873 -0.134971 
336572209343 -4.494118 5.208873 0.404029 
336592446196 -5.010118 5.711874 0.711029 
336612683194 -5.283118 5.796873 0.652029 
336632920040 -4.975119 4.983873 0.328029 
336653156714 -4.132118 3.411873 -0.283971 
336673393555 -2.777118 1.669873 -0.580971 
336693630558 -1.795118 0.500873 -0.963971 
336713867410 -1.475120 0.362869 -0.849969 
336734104089 -1.703120 0.909869 -0.436969 
336754340949 -1.911120 1.326869 -0.111969 
336774577858 -1.645120 1.129869 -0.107969 
336794814551 -1.007120 0.596869 -0.225969 
336815051462 -0.450120 0.236869 -0.230969 
336835288313 -0.268120 0.201869 -0.149969 
336855525021 -0.357120 0.284869 -0.095969 
336875761952 -0.332120 0.263869 -0.101969 
336895998883 -0.051120 0.051869 -0.051969 
336916235717 0.429880 -0.193131 0.022031 
336936472406 0.876880 -0.367131 -0.004969 
336956709341 1.180880 -0.368131 -0.109969 
336976946178 1.293880 -0.338131 -0.276969 
336997183116 1.399880 -0.500131 -0.439969 
337017419820 1.638880 -0.932131 -0.522969 
337037656675 1.940880 -1.418131 -0.478969 
337057893598 2.201880 -1.788131 -0.373969 
337078130497 2.414880 -2.111131 -0.335969 
337098367195 2.666880 -2.644131 -0.479969 
337118604055 3.011880 -3.538131 -0.781969 
337138840988 3.369880 -4.494131 -0.999969 
337159077660 3.650880 -5.172131 -1.068969 
337179314592 3.870880 -5.501132 -0.950969 
337199551414 4.122880 -5.703131 -0.760969 
337219788357 4.446879 -6.109134 -0.614967 
337240025022 4.958879 -6.838134 -0.650967 
337260261929 5.783879 -7.796134 -0.745967 
337280498795 6.322879 -8.587133 -0.944968 
337300735503 5.905879 -8.243134 -0.880967 
337320972376 4.662879 -7.202134 -0.626967 
337341209198 3.406879 -5.456134 -0.377967 
337361446092 2.967879 -4.256134 -0.339967 
337381682787 3.191879 -3.606134 -0.403968 
337401919708 3.507879 -3.568134 -0.262967 
337422156554 3.135879 -3.580134 -0.213968 
337442393491 2.767879 -3.144134 -0.042967 
337462630191 2.592879 -2.899134 0.117032 
337482867023 2.383879 -2.490134 0.051032 
337503103946 2.065879 -2.090134 -0.063968 
337523340643 1.883879 -2.027134 -0.070967 
337543577568 1.788879 -1.933133 0.082032 
337563814391 1.737879 -1.595134 0.121032 
337584051085 1.660879 -1.181134 0.066032 
337604288030 1.459879 -0.812134 0.119032 
337624524910 1.089879 -0.787134 0.169032 
337644761852 0.871879 -0.921134 0.202032 
337664998523 0.624879 -0.749134 0.105032 
337685235463 0.393879 -0.453134 0.072032 
337705472319 0.254883 -0.315125 0.076028 
337725708993 0.163883 -0.320125 0.044028 
337745945915 0.045883 -0.276125 -0.007972 
337766182752 -0.051117 -0.233125 -0.007972 
337786419665 -0.069117 -0.166125 0.024028 
337806656359 -0.038117 -0.070125 0.039028 
337826893309 -0.069117 0.014875 0.019028 
337847130136 -0.106117 -0.046125 0.061028 
337867367059 -0.017117 -0.217125 0.110028 
337887603768 0.165883 -0.258125 0.084028 
337907840698 0.289883 0.009875 -0.035972 
337928077540 0.253883 0.543875 -0.245972 
337948314234 0.030883 0.990875 -0.451972 
337968551160 -0.351117 0.932875 -0.480972 
337988788011 -0.771117 0.639875 -0.284972 
338009024944 -1.100117 0.585875 -0.141972 
338029261604 -1.502117 1.271875 -0.134972 
338049498550 -2.028117 2.632875 -0.282972 
338069735415 -2.562117 4.107875 -0.439972 
338089972343 -2.988117 4.987875 -0.586972 
338110208938 -3.248117 4.457875 -0.515972 
338130445852 -3.299117 3.760876 -0.484972 
338150682762 -3.596117 3.745876 -0.493972 
338170919700 -4.138117 4.510875 -0.496972 
338191156318 -4.736117 5.545876 -0.445972 
338211393241 -5.144117 6.434876 -0.401972 
338231629926 -5.335117 7.043875 -0.358972 
338251866842 -5.347117 7.339875 -0.198972 
338272103669 -5.440117 7.380876 -0.047972 
338292340568 -5.426117 7.198876 0.111028 
338312577198 -5.205117 6.735876 0.386028 
338332814176 -4.842117 5.932876 0.600028 
338353051113 -4.451117 5.158876 0.709028 
338373287714 -4.137117 4.718875 0.812028 
338393524531 -3.797117 3.947876 0.777028 
338413761468 -3.215117 2.448875 0.465028 
338433998397 -2.512117 1.268875 0.094028 
338454235079 -2.040117 1.114875 -0.017972 
338474471935 -1.794117 1.562875 0.242028 
338494708877 -1.791117 2.150875 0.608028 
338514945565 -1.998117 2.603875 0.833028 
338535182506 -2.078117 2.441875 0.802028 
338555419337 -1.904117 1.854875 0.515028 
338575656260 -1.469117 1.239875 0.194028 
338595892973 -0.909117 0.696875 -0.006972 
338616129919 -0.430117 0.327875 -0.071972 
338636366825 -0.009117 0.093875 -0.088972 
338656603674 0.376883 0.008875 -0.012972 
338676840368 0.672883 0.080875 0.048028 
338697077313 1.023883 -0.050125 0.014028 
338717314248 1.514883 -0.479125 -0.116972 
338737550866 2.157883 -1.226125 -0.366972 
338757787814 2.917883 -2.194125 -0.602972 
338778024739 3.602883 -3.129125 -0.648972 
338798261588 4.073883 -3.824125 -0.535972 
338818498492 4.447884 -4.455124 -0.385972 
338838735172 4.782883 -5.272125 -0.273972 
338858972093 5.164883 -6.466125 -0.289972 
338879208958 5.597883 -7.760125 -0.333972 
338899445857 5.707883 -8.409125 -0.374972 
338919682468 5.292883 -8.027125 -0.373972 
338939919405 4.748883 -7.229125 -0.275972 
338960156321 4.332883 -6.792125 -0.064972 
338980392993 3.825883 -6.234125 0.259028 
339000629900 3.241883 -5.380124 0.427028 
339020866835 2.707883 -4.260125 0.440028 
339041103684 2.560883 -3.332125 0.411028 
339061340383 2.749883 -3.153125 0.460028 
339081577333 2.820883 -3.453124 0.543028 
339101813934 3.024883 -3.844125 0.616028 
339122050853 3.208883 -4.082125 0.584028 
339142287718 3.127883 -3.972125 0.514028 
339162524655 2.672883 -3.567125 0.434028 
339182761335 2.103883 -3.124125 0.371028 
339202998266 1.853883 -2.886125 0.123028 
339223235098 1.896883 -2.639125 -0.149972 
339243472040 1.905883 -1.999125 -0.249972 
339263708719 1.616883 -1.308125 -0.245972 
339283945595 1.308883 -0.832125 -0.217972 
339304182518 1.090883 -0.823125 -0.193972 
339324419204 0.966883 -0.845125 -0.251972 
339344656111 0.870883 -0.618125 -0.289972 
339364892939 0.735883 -0.354125 -0.273972 
339385129857 0.564883 -0.089125 -0.238972 
339405366532 0.370883 0.014875 -0.191972 
339425603477 0.155883 -0.099125 -0.079972 
339445840337 0.011883 -0.087125 -0.002972 
339466077250 -0.069117 0.079875 0.055028 
339486313917 -0.098117 0.121875 0.110028 
339506550763 -0.059117 -0.017125 0.121028 
339526787676 -0.110117 -0.027125 0.089028 
339547024397 -0.186117 0.029875 0.069028 
339567261304 -0.159117 0.125875 0.038028 
339587498170 -0.117117 0.228875 0.019028 
339607735059 -0.039117 0.075875 0.026028 
339627971979 -0.007117 -0.049125 -0.004972 
339648208661 0.023883 0.059875 -0.125972 
339668445521 0.039883 0.324875 -0.275972 
339688682233 -0.073117 0.480875 -0.307972 
339708919159 -0.237121 0.342868 -0.283968 
339729156005 -0.409121 0.220868 -0.273968 
339749392691 -0.652121 0.485868 -0.303968 
339769629616 -0.939121 1.233868 -0.420968 
339789866556 -1.352121 2.175868 -0.616968 
339810103507 -1.811121 2.931868 -0.791968 
339830340334 -2.341121 3.390867 -0.831968 
339850576968 -2.869121 3.741868 -0.812968 
339870813843 -3.395121 4.149868 -0.797968 
339891050777 -3.930121 4.670868 -0.804968 
339911287454 -4.357121 5.156868 -0.729968 
339931524324 -4.544121 5.713868 -0.463968 
339951761267 -4.651121 6.532868 -0.235968 
339971997950 -4.746121 7.664868 -0.182968 
339992234881 -4.862121 8.735868 -0.290968 
340012471796 -4.865120 9.084867 -0.342968 
340032708428 -4.802121 8.622868 -0.382968 
340052945352 -4.563121 7.390868 -0.150968 
340073182257 -4.171121 5.501868 0.092032 
340093419092 -4.078121 4.116868 0.097032 
340113655771 -4.224121 3.547868 0.106032 
340133892673 -4.196121 3.429868 0.197032 
340154129618 -4.059121 3.539867 0.433032 
340174366443 -3.768121 3.631868 0.699032 
340194603175 -3.333121 3.618868 0.806032 
340214840021 -2.895121 3.409868 0.793032 
340235076939 -2.527121 3.050868 0.616032 
340255313854 -2.067121 2.365868 0.359032 
340275550762 -1.427121 1.345868 0.200032 
340295787387 -1.027121 0.758868 0.099032 
340316024303 -1.088121 0.776868 -0.027968 
340336260993 -1.291121 1.080868 -0.093968 
340356497905 -1.368121 1.174868 -0.097968 
340376734751 -1.119121 0.977867 -0.082968 
340396971688 -0.657121 0.596868 -0.042968 
340417208603 -0.235121 0.310868 -0.070968 
340437445296 0.073879 0.197867 -0.143968 
340457682256 0.410879 0.001868 -0.212968 
340477919121 0.800879 -0.359132 -0.245968 
340498155791 1.396879 -0.955132 -0.327968 
340518392726 2.000879 -1.516133 -0.470968 
340538629333 2.575879 -2.021132 -0.561968 
340558866487 3.163879 -2.606132 -0.549968 
340579103176 3.888880 -3.408133 -0.536968 
340599340116 4.688879 -4.431132 -0.616968 
340619576952 5.343880 -5.450132 -0.865968 
340639813861 5.625879 -6.109133 -1.122968 
340660050477 5.650879 -6.756132 -1.254968 
340680287351 5.654879 -7.773132 -1.295968 
340700524257 5.651879 -8.961133 -1.409968 
340720760955 5.450881 -9.868128 -1.569970 
340740997801 5.122882 -9.959128 -1.457970 
340761234719 4.754881 -9.130128 -1.097970 
340781471436 4.519882 -7.458128 -0.745970 
340801708333 4.144882 -5.389128 -0.498970 
340821945224 3.666882 -3.466128 -0.394970 
340842181853 3.193882 -2.383128 -0.201970 
340862418785 3.000881 -2.241128 -0.079970 
340882655724 3.036881 -2.699128 0.023030 
340902892652 3.110881 -2.869128 0.123030 
340923129247 2.945882 -2.416128 0.097030 
340943366185 2.487881 -1.769128 0.023030 
340963603069 2.046881 -1.235128 -0.043970 
340983839987 1.765882 -0.818128 -0.081970 
341004076917 1.615882 -0.582128 -0.059970 
341024313521 1.545882 -0.491128 -0.097970 
341044550444 1.440881 -0.444128 -0.068970 
341064787378 1.307882 -0.505128 0.096030 
341085024281 1.148882 -0.630128 0.232030 
341105260905 1.007881 -0.657128 0.244030 
341125497842 0.923881 -0.585128 0.223029 
341145734560 0.793881 -0.466128 0.163030 
341165971481 0.580881 -0.341128 0.112030 
341186208396 0.380881 -0.241128 0.076030 
341206445260 0.413881 -0.297128 0.073030 
341226681940 0.510881 -0.331128 0.076030 
341246918876 0.490881 -0.252128 0.045029 
341267155722 0.334881 -0.199128 -0.027970 
341287392420 0.128881 -0.164128 -0.052970 
341307629277 0.031881 -0.185128 -0.037970 
341327866185 0.053881 -0.112128 -0.010970 
341348102897 0.102881 -0.030128 -0.011970 
341368340058 0.055881 0.010872 -0.000970 
341388576683 -0.095119 -0.087128 0.033029 
341408813612 -0.234119 -0.166128 0.089030 
341429050310 -0.233119 -0.241128 0.133030 
341449287241 -0.110119 -0.175128 0.109030 
341469523843 -0.019119 0.004872 0.056030 
341489760741 -0.048118 0.162872 -0.000970 
341509997597 -0.078119 0.077872 -0.007970 
341530234501 -0.041118 -0.117128 0.011030 
341550471194 0.013881 -0.137128 0.027030 
341570708125 0.048881 0.013872 0.011030 
341590944972 0.061881 0.179872 -0.038970 
341611181881 0.048881 0.142872 -0.063970 
341631418801 -0.007119 0.030872 -0.022970 
341651655502 -0.018119 -0.139128 0.028030 
341671892334 0.025881 -0.133128 0.052030 
341692129022 0.086881 -0.033128 -0.005970 
341712366174 0.075881 0.127872 -0.050970 
341732602779 0.039881 0.149872 -0.091970 
341752839683 0.009881 0.046872 -0.064970 
341773076383 0.037881 -0.091128 -0.030970 
341793313299 0.105881 -0.061128 -0.046970 
341813550248 0.154881 0.080872 -0.107970 
341833786851 0.143881 0.204872 -0.137970 
341854023760 0.086881 0.121872 -0.167970 
341874260621 -0.021118 -0.044128 -0.114970 
341894497609 -0.057118 -0.112128 -0.042970 
341914734212 0.037881 -0.137128 -0.055970 
341934971116 0.046881 -0.050128 -0.099970 
341955207957 -0.040118 0.077872 -0.154970 
341975444876 -0.161119 0.065872 -0.203970 
341995681787 -0.254118 0.106872 -0.207970 
342015918488 -0.277119 0.203872 -0.242970 
342036155320 -0.313118 0.528872 -0.347970 
342056392258 -0.419119 0.783872 -0.392970 
342076629187 -0.625118 0.835872 -0.392970 
342096865781 -1.087119 1.057872 -0.443970 
342117102713 -1.698119 1.788872 -0.435970 
342137339397 -2.208119 2.780872 -0.396970 
342157576344 -2.517119 3.585872 -0.389970 
342177813175 -2.725119 4.005872 -0.456970 
342198050158 -2.970119 4.152872 -0.566970 
342218286790 -3.331119 4.364872 -0.595970 
342238523718 -3.744119 4.946872 -0.533970 
342258760565 -4.019118 5.637872 -0.409970 
342278997263 -4.128119 6.022872 -0.212970 
342299234128 -4.241118 6.082872 -0.004970 
342319471037 -4.377119 6.097872 0.106030 
342339707978 -4.291119 5.950872 0.219030 
342359944676 -4.045118 5.777873 0.337030 
342380181531 -3.545119 5.230872 0.457030 
342400418469 -2.972119 4.525872 0.450030 
342420655377 -2.706119 4.072872 0.300030 
342440892085 -2.776119 3.888872 0.155030 
342461128959 -2.866119 3.705872 0.101030 
342481365661 -2.835119 3.325872 0.122030 
342501602582 -2.768119 2.996872 0.127030 
342521839492 -2.663119 2.708872 0.046030 
342542076328 -2.509119 2.465872 -0.062970 
342562313027 -2.395119 2.346872 -0.118970 
342582549943 -2.254119 2.165872 -0.112970 
342602786863 -2.010119 1.647872 0.078030 
342623023721 -1.819119 1.409872 0.113030 
342643260411 -1.643119 1.720872 0.080030 
342663497308 -1.473119 2.004872 0.085030 
342683734159 -1.360119 2.412872 -0.026970 
342703971111 -1.512119 2.586872 -0.235970 
342724207741 -1.754119 2.662872 -0.534970 
342744444650 -1.813119 2.217872 -0.785970 
342764681580 -1.331119 1.144872 -1.063970 
342784918267 -0.572119 0.169872 -1.068970 
342805155193 0.237881 0.212872 -0.738970 
342825392044 0.889881 0.578872 -0.315970 
342845628972 1.235882 0.695872 -0.049970 
342865865676 1.292881 0.557872 0.051030 
342886102597 1.113882 0.279872 0.120029 
342906339213 0.792881 0.160872 0.166030 
342926576146 0.410881 0.087872 0.167030 
342946813037 0.114881 0.127872 0.109030 
342967049886 0.010881 0.058872 0.001029 
342987286824 0.079881 0.058872 -0.088970 
343007523489 0.205881 0.129872 -0.134970 
343027760321 0.331881 0.185872 -0.105970 
343047997225 0.423881 0.268872 -0.028970 
343068234148 0.428881 0.267872 0.040030 
343088470751 0.398881 0.304872 0.109030 
343108707431 0.302881 0.272872 0.118030 
343128944345 0.186881 0.224872 0.116029 
343149181248 0.081881 0.153872 0.088030 
343169418099 0.033881 0.111872 0.080030 
343189655025 0.033881 0.101872 0.066030 
343209891646 0.036881 0.116872 0.072030 
343230128658 0.030879 0.005867 0.066032 
343250365590 0.029879 -0.044133 0.047032 
343270602224 -0.025121 0.014867 0.050032 
343290839086 -0.097121 0.102867 0.086032 
343311076009 -0.130121 0.119867 0.128032 
343331312956 -0.124121 0.137867 0.163032 
343351549886 -0.099121 0.112867 0.123032 
343371786580 -0.064121 0.073867 0.084032 
343392023413 -0.028121 0.053867 0.059032 
343412260336 0.008879 0.066867 0.069032 
343432497004 0.039879 0.123867 0.079032 
343452733845 0.031879 0.171867 0.081032 
343472970562 0.096879 0.082867 0.028032 
343493207464 0.109879 -0.135133 0.032032 
343513444388 0.030879 -0.203133 0.046032 
343533681247 -0.089121 -0.004133 -0.000968 
343553917936 -0.183121 0.128867 -0.083968 
